order_id,installments,items_sum,payment_sum,diff,perc,type__boleto,type__credit_card,type__debit_card
5a3b1c29a49756e75f1ef513383c0c12,[3],853.94,853.95,0.01,0.0,0.0,1.0,0.0
d5211af24819d319c02a285e7bb51750,[2],186.75,186.76,0.01,0.0,0.0,1.0,0.0
4412d97cb2093633afa85f11db46316c,[1],3195.74,3195.73,-0.01,-0.0,1.0,0.0,0.0
dc3adcf742779e0c8eb5bd587ed4ec57,[6],727.56,727.58,0.02,0.0,0.0,1.0,0.0
9bdf94af058f959fbc09c3ea1eb32465,[10],227.66,227.63,-0.03,-0.0,0.0,1.0,0.0
0ec20feeac30045e916578f17c2085e2,[1],450.0,449.99,-0.01,-0.0,0.0,1.0,0.0
0c82a229fc22597c2361656cba8d3230,[10],566.1,566.09,-0.01,-0.0,0.0,1.0,0.0
637617b3ffe9e2f7a2411243829226d0,[1],1246.95,1246.97,0.02,0.0,1.0,0.0,0.0
612d140e314dab491efb33ec8219c2ee,[1],224.14,224.17,0.03,0.0,1.0,0.0,0.0
1daecbe2a13ab0881c418e978f1e08c1,[6],241.19,241.17,-0.02,-0.0,0.0,1.0,0.0
5337d26d14027f547caacb7fee230f81,[8],256.77,256.76,-0.01,-0.0,0.0,1.0,0.0
e1d78d7d328dc5311016ff1ef499dcc5,[9],311.24,311.23,-0.01,-0.0,0.0,1.0,0.0
aa2dc936dd126536c8f2eb4dbaf37333,[2],222.34,222.35,0.01,0.0,0.0,1.0,0.0
8272b63d03f5f79c56e9e4120aec44ef,[2],196.17,196.11,-0.06,-0.0,0.0,1.0,0.0
c887c09a3acf3b6fe0ba319d68d385a8,[10],441.26,441.25,-0.01,-0.0,0.0,1.0,0.0
b22d5e326467a7e6ce236f3bc54bfde5,[1],155.0,154.99,-0.01,-0.0,1.0,0.0,0.0
70b7e94ea46d3e8b5bc12a50186edaf0,[24],213.15,274.84,61.69,29.0,0.0,1.0,0.0
8608b68211e2b6a120ff2e767285e069,[5],353.41,353.4,-0.01,-0.0,0.0,1.0,0.0
ed0b6f8c8617370e53735a5d963bb5b6,[9],98.73,98.72,-0.01,-0.0,0.0,1.0,0.0
46cfd37753bbd00f768165cf4cb7ace1,[8],388.0,387.99,-0.01,-0.0,0.0,1.0,0.0
cd51709c98c738351915f79c4318675e,[8],1349.04,1349.05,0.01,0.0,0.0,1.0,0.0
fb3cf8c9eb2412b0edc0a00a8f43a869,[1],421.38,421.39,0.01,0.0,1.0,0.0,0.0
2e8644b6852a0e75700c764e182ddbbe,[10],544.4,544.41,0.01,0.0,0.0,1.0,0.0
168d3552147af1da6282c46975968c45,[10],370.5,370.51,0.01,0.0,0.0,1.0,0.0
62ce4e3989a3477928510bb4d1064cc4,[10],276.32,276.34,0.02,0.0,0.0,1.0,0.0
d839ea07a528e914f89702508023da37,[1],310.7,310.69,-0.01,-0.0,0.0,1.0,0.0
ed81dbeb0cedad4d3d1f1551b06d6ca3,[1],286.11,286.12,0.01,0.0,0.0,1.0,0.0
b0aab812f60f61971b4695951d09766d,[10],177.01,177.0,-0.01,-0.0,0.0,1.0,0.0
8adafb3466daa5395694d3a906ff9d40,[4],218.02,218.0,-0.02,-0.0,0.0,1.0,0.0
180956bcbdf2ff42e547ec8dec11ed1f,[10],690.85,690.86,0.01,0.0,0.0,1.0,0.0
7b598857cddf46a156640f69f70a6e6d,[8],741.31,741.33,0.02,0.0,0.0,1.0,0.0
cc460ac4435835dfdda5526dfe84f01f,[1],237.74,237.72,-0.02,-0.0,1.0,0.0,0.0
0ca8999f0176e37f35b6e49a9b2569da,[2],98.81,98.8,-0.01,-0.0,0.0,1.0,0.0
54a4cb7fbd793ac4fa5f2a5dd9e1fe8f,[1],364.0,363.99,-0.01,-0.0,1.0,0.0,0.0
b886293e979c828299f8fbae51cd8a51,[10],283.93,283.92,-0.01,-0.0,0.0,1.0,0.0
b528343ff0b10c32c5c7baf68f6536ba,[2],109.4,109.39,-0.01,-0.0,0.0,1.0,0.0
6ecf7023e8dd4ec8b08746c35b9fcb60,[3],163.86,163.88,0.02,0.0,0.0,1.0,0.0
8745becbbbd36c57276dc93fed8bbe1c,[1],93.65,93.66,0.01,0.0,0.0,1.0,0.0
ccd2795b4fd33757b039fb15b8a12109,[1],86.03,86.04,0.01,0.0,0.0,1.0,0.0
24914fccbca3abf70528903ab2af4bf8,[4],314.82,314.81,-0.01,-0.0,0.0,1.0,0.0
112909cbca6ebc18ce400189ea165cae,[6],425.26,425.27,0.01,0.0,0.0,1.0,0.0
2d69f10ad3b8448d288a26023ff5f977,[10],596.2,596.21,0.01,0.0,0.0,1.0,0.0
08af87fbe33eeebc7840433d94718046,[4],296.73,296.72,-0.01,-0.0,0.0,1.0,0.0
005d9a5423d47281ac463a968b3936fb,[10],145.25,145.26,0.01,0.0,0.0,1.0,0.0
54b4da510fed5dc3cf3e7a8e50a5f224,[3],317.65,317.64,-0.01,-0.0,0.0,1.0,0.0
98c398503085e37d1c5da3e29980ee25,[1],234.8,234.79,-0.01,-0.0,1.0,0.0,0.0
2bedc0d7231e504d0476c606108e7e73,[10],242.49,242.48,-0.01,-0.0,0.0,1.0,0.0
40c6a2db0ce06b7ed796a48b20206c92,[4],283.05,283.06,0.01,0.0,0.0,1.0,0.0
fb7b22bb2a29860909a25f91510e4292,[1],446.89,446.9,0.01,0.0,1.0,0.0,0.0
e37f11cae9985ca58f0b56f268720537,[1],220.85,220.86,0.01,0.0,1.0,0.0,0.0
9d4837e9f15d4e57e4783e22786cb407,[3],481.07,481.06,-0.01,-0.0,0.0,1.0,0.0
22a409aa094a6210e26006088a346124,[4],249.47,249.46,-0.01,-0.0,0.0,1.0,0.0
1a3fba90ea359c9da001520adf13fa7e,[3],177.38,177.37,-0.01,-0.0,0.0,1.0,0.0
1cb61aaa63135f552055cf1932adf3be,[4],293.64,293.66,0.02,0.0,0.0,1.0,0.0
e221ce99afbfcb8f74f80a788755f32a,[6],279.04,279.05,0.01,0.0,0.0,1.0,0.0
a2d65cbc20a4d7cbdbda0bc41b1e228c,[8],276.77,276.78,0.01,0.0,0.0,1.0,0.0
17fe101451195e941a90b55aa9cf2e48,[2],277.79,277.8,0.01,0.0,0.0,1.0,0.0
af8e7d8a37a728552281a38e79f5e82a,[10],253.55,253.56,0.01,0.0,0.0,1.0,0.0
f49051d4b155a83c8d939a1c6a850689,[1],553.89,553.88,-0.01,-0.0,1.0,0.0,0.0
bb9a2de2f513259a76f6cab031523257,[3],152.87,152.88,0.01,0.0,0.0,1.0,0.0
e09dd765041e9934d762d51ccb26adee,[1],109.42,109.4,-0.02,-0.0,0.0,1.0,0.0
18f4178d9b3c33fa79c1a0d5eb214023,[4],305.9,305.89,-0.01,-0.0,0.0,1.0,0.0
730c83933acab283b21bae7b3fcc91d1,[1],590.63,590.62,-0.01,-0.0,0.0,1.0,0.0
e50118751e7505e22fb6491d648be823,[2],192.91,192.9,-0.01,-0.0,0.0,1.0,0.0
0df7ce137bbb12afe0a4e2643c6c43ee,[1],236.48,236.47,-0.01,-0.0,0.0,1.0,0.0
ee514292cc5c49e7bb2856b564c4188f,[1],149.3,149.31,0.01,0.0,1.0,0.0,0.0
a9c12c3dbd383763a49141b30627fd5d,[2],203.1,203.09,-0.01,-0.0,0.0,1.0,0.0
11bfb5214a47c5a12e3dab8cac01c304,[1],192.91,192.9,-0.01,-0.0,0.0,0.0,1.0
8dcdc3f032fcbc54ae56d5a0f0c2f18c,[5],192.13,192.12,-0.01,-0.0,0.0,1.0,0.0
56b8dfac98a87021344bae2675b86709,[10],538.4,538.39,-0.01,-0.0,0.0,1.0,0.0
235a7628971a90567378815bf35d2a67,[12],188.58,217.82,29.24,16.0,0.0,1.0,0.0
31ee7866f7203208e59eba90498ead4c,[1],103.01,103.0,-0.01,-0.0,1.0,0.0,0.0
dd8f044a145ebf7152fc8a718cbd3412,[6],1659.85,1659.84,-0.01,-0.0,0.0,1.0,0.0
8dd554aaa8e7d61ddde56ba4189c780f,[4],307.21,307.23,0.02,0.0,0.0,1.0,0.0
fcf235b93f4a81b6f5125059c9793465,[10],242.47,242.48,0.01,0.0,0.0,1.0,0.0
848b0561d4bc26f57b288a5004f38683,[1],604.86,604.84,-0.02,-0.0,0.0,1.0,0.0
589afae8e1396e2a2dc24a1c68223809,[1],141.3,141.31,0.01,0.0,0.0,1.0,0.0
71dab1155600756af6de79de92e712e3,[10],1988.53,1988.55,0.02,0.0,0.0,1.0,0.0
d4fae577806d683110e00e18a5e181be,[1],139.42,139.43,0.01,0.0,1.0,0.0,0.0
427ab04bb9a88ee00929a510651d77c2,[1],287.41,287.4,-0.01,-0.0,1.0,0.0,0.0
0c0aeabd6ae9d7a303af615334a220d0,[3],342.37,342.38,0.01,0.0,0.0,1.0,0.0
f05099a928d90c394963b1f0d8360149,[10],195.8,195.79,-0.01,-0.0,0.0,1.0,0.0
1ae8a88bf94d02224f932e18297baa64,[1],637.09,637.11,0.02,0.0,1.0,0.0,0.0
9224db86cedf958891e1b1afb4ad570c,[10],88.89,102.67,13.78,16.0,0.0,1.0,0.0
cabb660c11fb7f6bbb5f454ea09c0b9f,[7],254.81,278.7,23.89,9.0,0.0,1.0,0.0
4753fcd70058320b38a45cc68f6de6c7,[4],217.3,217.29,-0.01,-0.0,0.0,1.0,0.0
a63d6f123bbccd71286ef76811cb2a3b,[1],181.0,180.99,-0.01,-0.0,1.0,0.0,0.0
1fa3133aa187f5523ca99748f5b5578f,[1],98.05,98.04,-0.01,-0.0,0.0,1.0,0.0
f5aa338a071dcf7d23d8e6b116bfcab5,[1],838.98,838.97,-0.01,-0.0,1.0,0.0,0.0
320dcf288de15e4ff06ebbfce4e42c78,[3],87.55,81.37,-6.18,-7.0,0.0,1.0,0.0
6e0f64efb04a60cc8a5bff3e30663c02,[5],504.48,504.47,-0.01,-0.0,0.0,1.0,0.0
3c314f50bc654f3c4e317b055681dff9,[2],296.88,296.89,0.01,0.0,0.0,1.0,0.0
7f2c22c54cbae55091a09a9653fd2b8a,[2],1048.29,1048.31,0.02,0.0,0.0,1.0,0.0
8e6c25f5e4548a8a880c0339b15b8ab7,[10],400.45,400.44,-0.01,-0.0,0.0,1.0,0.0
6816ae2fd8e9a4a6674dc2eb053da35b,[3],188.06,188.05,-0.01,-0.0,0.0,1.0,0.0
66b6937d9706c4f9213b289715bcd3f8,[3],67.85,67.86,0.01,0.0,0.0,1.0,0.0
9f36a6b11ec95b4f8586000d49dae422,[10],396.04,396.05,0.01,0.0,0.0,1.0,0.0
dd6f0c8e93a1d569d6353f78319a340f,[3],196.5,196.49,-0.01,-0.0,0.0,1.0,0.0
b310a5cacafc1233286e34caf4fe9135,[4],158.9,158.91,0.01,0.0,0.0,1.0,0.0
dbd4cbb492a12b99c5224014930acc18,[1],140.91,140.9,-0.01,-0.0,0.0,0.0,1.0
c1961b98e4fd21637c3d46794c5ecd19,[5],405.34,405.33,-0.01,-0.0,0.0,1.0,0.0
94dcbb5ca9d603177841a40f3d630483,[1],302.82,302.8,-0.02,-0.0,1.0,0.0,0.0
f9b4c8173a45d1b57d0bcf5400a6ccd4,[1],208.98,208.99,0.01,0.0,0.0,1.0,0.0
674eb13687ba86abeaee12ece9ce0309,[10],148.0,147.98,-0.02,-0.0,0.0,1.0,0.0
b76190a2c095fba255ab46987545a660,[12],227.91,263.24,35.33,16.0,0.0,1.0,0.0
778d6f8f92b218606a82dc5d2f5221e2,[10],468.4,468.42,0.02,0.0,0.0,1.0,0.0
ade69ba18f873dc21f043783d60beeb6,[10],255.55,255.56,0.01,0.0,0.0,1.0,0.0
3386674e0363653ac5f71597d88d80fe,[10],1861.25,1861.26,0.01,0.0,0.0,1.0,0.0
6ed043d494d076830babf38c25630d86,[10],341.52,341.51,-0.01,-0.0,0.0,1.0,0.0
8a2629274a548e155cba08215435391a,[3],269.3,269.31,0.01,0.0,0.0,1.0,0.0
0f20a3721e8997ae2f771ec8cf0c4d3d,[1],369.0,368.99,-0.01,-0.0,1.0,0.0,0.0
df13cbaf3230c62a4b582317936e8a39,[10],297.04,297.02,-0.02,-0.0,0.0,1.0,0.0
407fe646704ea7828e324c8ef7e7e616,[1],445.2,445.19,-0.01,-0.0,1.0,0.0,0.0
0f38051157b7ad1d4e0b6c5d20de6ae7,[1],142.64,142.65,0.01,0.0,1.0,0.0,0.0
969d4417af042f4e8bb879f49e51b447,[10],813.4,813.41,0.01,0.0,0.0,1.0,0.0
31cc37975a360a347c3e668b4893fec3,[10],148.63,148.62,-0.01,-0.0,0.0,1.0,0.0
f930a1f6247ed00d6fa9d8a09782c7b4,[3],353.07,353.06,-0.01,-0.0,0.0,1.0,0.0
13745e40e031fc753b072545abbde8e9,[9],190.13,190.12,-0.01,-0.0,0.0,1.0,0.0
3263e5243c28ebe706f7500cf88054ad,[4],369.66,369.65,-0.01,-0.0,0.0,1.0,0.0
363524b17966c3a64696d5a68c5f4d34,[4],276.13,276.11,-0.02,-0.0,0.0,1.0,0.0
3d0e80567ee51ea2f1b6c2988e9b7c3f,[10],379.47,379.46,-0.01,-0.0,0.0,1.0,0.0
7d68f1da2ad6d6fa877e000788daf541,[4],291.5,291.52,0.02,0.0,0.0,1.0,0.0
abccdfc385eeac64f4e5147bc7d9191c,[6],135.39,135.38,-0.01,-0.0,0.0,1.0,0.0
34c1a691fc965ffffd792dbd8e7ac087,[1],110.73,110.72,-0.01,-0.0,0.0,1.0,0.0
4d680edbaa7d3d9bed69532957368a03,[10],353.08,353.09,0.01,0.0,0.0,1.0,0.0
8200c0f5298c25d0c51f66b1c63b6ebc,[3],460.85,460.84,-0.01,-0.0,0.0,1.0,0.0
6c55bf4d09523cf2a72a452cdc0f0a80,[3],522.17,522.16,-0.01,-0.0,0.0,1.0,0.0
16aa7d10b833ccd4307a1159ba08d071,[12],323.9,323.89,-0.01,-0.0,0.0,1.0,0.0
34b5c4f2b088c66075f85fc2291cfa06,[1],316.0,316.01,0.01,0.0,1.0,0.0,0.0
61a4e749e6975384980e883fc5653d8b,[1],1591.25,1591.24,-0.01,-0.0,0.0,1.0,0.0
21a724726546c32790ded320f982a506,[1],215.98,215.99,0.01,0.0,0.0,1.0,0.0
94647755aed55676ec36da516c9d439f,[1],219.6,219.59,-0.01,-0.0,1.0,0.0,0.0
a1abeb653a4d4cd1e142ccb8c82cd069,[1],304.55,304.56,0.01,0.0,1.0,0.0,0.0
9d8a3b882eccfedffcd196e7d1e4cf20,[6],338.87,338.88,0.01,0.0,0.0,1.0,0.0
6a30ecf6e27a0c6c8373a4ffc57cb353,[7],536.51,536.52,0.01,0.0,0.0,1.0,0.0
547b3596c03dfad1b87305e9c5a554c2,[3],124.94,124.93,-0.01,-0.0,0.0,1.0,0.0
9afd9ae98cb2fcc3bc5b893594ccf663,[1],84.99,84.98,-0.01,-0.0,0.0,1.0,0.0
21ff9e52b420083bfc502b827916d069,[10],235.7,266.38,30.68,13.0,0.0,1.0,0.0
d2927bf34d3adc3b878e226b7af91519,[4],249.6,249.59,-0.01,-0.0,0.0,1.0,0.0
0c87b31e37ed8557e234cec91546d4cc,[2],399.15,399.16,0.01,0.0,0.0,1.0,0.0
0693ed674763a4fc34e2c763c7fd25c2,[1],642.64,642.62,-0.02,-0.0,1.0,0.0,0.0
21ac7b9aaf4cb4e41aa7ed2722a0c2ab,[10],758.25,758.26,0.01,0.0,0.0,1.0,0.0
ba21298fdb05dad91b7b31f4b3b17364,[1],376.38,376.4,0.02,0.0,1.0,0.0,0.0
bfb1a4b760e9c724cd7e14be83b61b54,[10],465.22,465.21,-0.01,-0.0,0.0,1.0,0.0
f15a9d9b458aa040e6c47b6bb2311fb4,[10],235.65,235.64,-0.01,-0.0,0.0,1.0,0.0
bddbca2d48a961d74fe81de8febf9a73,[5],180.5,180.49,-0.01,-0.0,0.0,1.0,0.0
68a3e4dca76ceed7ef884e732b63bdee,[3],171.54,171.53,-0.01,-0.0,0.0,1.0,0.0
84580325d236dbdc6585c81d12f5c9ab,[3],183.97,183.96,-0.01,-0.0,0.0,1.0,0.0
1181af08903c7e8cc1cd6cd5df586dd6,[3],473.2,473.21,0.01,0.0,0.0,1.0,0.0
6e29fafdff2b42dbeca7ed271dea0fc9,[1],195.39,195.4,0.01,0.0,0.0,0.0,1.0
2edcf6adbf3719366560d6863cb28799,[1],963.36,963.34,-0.02,-0.0,1.0,0.0,0.0
1c437b4d4326d36b71e91dd7a7c2c4f6,[2],263.43,263.45,0.02,0.0,0.0,1.0,0.0
c03748652e7cdfeb73bf4aa3b41da0dc,[5],481.95,481.94,-0.01,-0.0,0.0,1.0,0.0
bbcc1c8c6b1353a43012bfe1b7380a29,[1],51.54,51.53,-0.01,-0.0,0.0,0.0,1.0
1032cdde705c24776a43441b77855fe6,[3],146.31,146.3,-0.01,-0.0,0.0,1.0,0.0
40e4b27fe658a1c1e627e503b29ef734,[8],95.38,95.37,-0.01,-0.0,0.0,1.0,0.0
e1e51d84ada825cd2396a682884d7c5c,[9],95.25,95.24,-0.01,-0.0,0.0,1.0,0.0
38fa147f3463d7751cb8a2b2455d628c,[3],174.04,174.02,-0.02,-0.0,0.0,1.0,0.0
37311087440803cc1960343121d1de26,[1],326.81,326.79,-0.02,-0.0,1.0,0.0,0.0
f8064d75afcef1bab867ff6ca9b829b7,[10],1032.36,1032.35,-0.01,-0.0,0.0,1.0,0.0
ba930d713b7bf3dca12e701703ff8eb5,[4],234.49,234.5,0.01,0.0,0.0,1.0,0.0
c3a8c3c9ace4452ea16d331ba3c44c50,[1],278.53,278.52,-0.01,-0.0,0.0,1.0,0.0
c3ad507aba1f6b47354085e7e6bed0cf,[4],467.08,467.09,0.01,0.0,0.0,1.0,0.0
223f078a123f6e7b1374cc086dabfa69,[10],372.85,372.84,-0.01,-0.0,0.0,1.0,0.0
5b7906a5a90957b0020ae90b2d7caf1b,[1],130.43,130.45,0.02,0.0,1.0,0.0,0.0
83f0c4c6b1a3c31214ca8266dc888258,[10],708.29,708.28,-0.01,-0.0,0.0,1.0,0.0
2b2e646f2556658e3d06c53ee0465153,[6],340.14,340.13,-0.01,-0.0,0.0,1.0,0.0
9ffe2ecd67ea09ead5b860aa81182fd7,[10],627.25,627.24,-0.01,-0.0,0.0,1.0,0.0
79d99d8498728081a42a978071007d45,[2],475.81,475.82,0.01,0.0,0.0,1.0,0.0
0dd1400bcb0a842a18f9f659e724f7ff,[8],292.18,292.17,-0.01,-0.0,0.0,1.0,0.0
69840aae60642aee7093192b37961c08,[1],1972.0,1972.03,0.03,0.0,1.0,0.0,0.0
28f0558838bcded1adf9bd48f1bdc457,[1],229.91,229.9,-0.01,-0.0,1.0,0.0,0.0
ecb9b15795b8962c43e024cc97611605,[1],479.85,479.86,0.01,0.0,1.0,0.0,0.0
a71b8771c97d895f5a8240e4a24597dc,[10],300.57,300.58,0.01,0.0,0.0,1.0,0.0
55f8a030ae34836632355176608c7314,[6],125.45,125.44,-0.01,-0.0,0.0,1.0,0.0
7ef47a1e75585d3f1b03dad4bf944a2c,[3],102.33,102.34,0.01,0.0,0.0,1.0,0.0
8fbcb92faf1aa60361f61ed7ae721a7e,[10],140.03,140.01,-0.02,-0.0,0.0,1.0,0.0
4adbb023fd0ab6d84373f8f2f20a9ef5,[5],153.25,153.26,0.01,0.0,0.0,1.0,0.0
0603e869ecff28981f22e3ea3e91911b,[10],343.53,343.54,0.01,0.0,0.0,1.0,0.0
9eedca0abb31d377cd420b89775a64a8,[1],364.45,364.44,-0.01,-0.0,1.0,0.0,0.0
3e69c99cf58356667fdbd6b7ab0c1e35,[3],165.79,165.78,-0.01,-0.0,0.0,1.0,0.0
0a280a8b4ce3fd3a61a076492e5d6b00,[3],207.25,207.24,-0.01,-0.0,0.0,1.0,0.0
04993613aee4046caf92ea17b316dcfb,[1],524.32,524.28,-0.04,-0.0,1.0,0.0,0.0
4bb1efeacab943b0b5364e7121fbcd62,[1],289.3,289.31,0.01,0.0,0.0,1.0,0.0
8a4c749f6b6350f68770c00405f8612a,[1],267.79,267.78,-0.01,-0.0,1.0,0.0,0.0
161743a94abde3599def5bdce166684c,[1],221.53,221.52,-0.01,-0.0,1.0,0.0,0.0
a0b44209913b27635b5d9813244b7f87,[6],116.98,116.99,0.01,0.0,0.0,1.0,0.0
40480952d51c22285abc3b9a16595822,[3],188.38,188.39,0.01,0.0,0.0,1.0,0.0
ee55499a08fd5913d6231b4702964354,[2],201.15,201.16,0.01,0.0,0.0,1.0,0.0
e387920071d53124f3db7d7b1a42c257,[1],271.22,271.23,0.01,0.0,0.0,1.0,0.0
c45bac21efb8f0856af311a0f8d67695,[3],503.72,503.71,-0.01,-0.0,0.0,1.0,0.0
eedcf6db339a0b2ce303e615dceaee65,[5],233.93,233.94,0.01,0.0,0.0,1.0,0.0
9be011772d473c8a8c87e86029ab511c,[6],150.73,162.65,11.92,8.0,0.0,1.0,0.0
7a70b827ebc6ab85bd4e28739619bb2d,[10],650.14,650.13,-0.01,-0.0,0.0,1.0,0.0
415f2ac1a1d977ad1f20427eec4c62ce,[1],209.81,209.82,0.01,0.0,1.0,0.0,0.0
32ab3bc68fa79c6d5d0066af3b91932f,[8],186.45,186.44,-0.01,-0.0,0.0,1.0,0.0
e6c656a21310d32909eab8c157ccb639,[10],675.74,675.75,0.01,0.0,0.0,1.0,0.0
62073ec6b54b8e6322037fc0f3591ad3,[10],1316.13,1316.14,0.01,0.0,0.0,1.0,0.0
2b5d5c1847d069c5efeb82f4056c15d8,[1],257.66,257.67,0.01,0.0,1.0,0.0,0.0
8d9c0dc8d5a2ce804f6b925d8f8e6c1d,[12],254.45,293.89,39.44,16.0,0.0,1.0,0.0
b50e9081ca228b1950dba3678b9e13b8,[5],317.77,317.78,0.01,0.0,0.0,1.0,0.0
55881111d8b37a0e45cf97b156ae1943,[10],305.58,305.57,-0.01,-0.0,0.0,1.0,0.0
6a94666b47f6006dda56e5edc10968a3,[1],113.01,113.0,-0.01,-0.0,1.0,0.0,0.0
877448ea783b661571099dbd672a4fa3,[7],456.14,456.15,0.01,0.0,0.0,1.0,0.0
6e5fe7366a2e1bfbf3257dba0af1267f,[10],287.91,406.92,119.01,41.0,0.0,1.0,0.0
ffb18bf111fa70edf316eb0390427986,[24],617.25,617.24,-0.01,-0.0,0.0,1.0,0.0
8b486b19bcb4db26c3e24a6e6d4e2e39,[1],1071.11,1071.12,0.01,0.0,0.0,1.0,0.0
596f9f1543a2c306f3aec8f22e806ff0,[10],189.87,189.86,-0.01,-0.0,0.0,1.0,0.0
673242a6057d4287cb24379d405cf5ac,[10],115.31,115.3,-0.01,-0.0,0.0,1.0,0.0
4b8790aad555862909b489f99383b16c,[6],794.48,794.46,-0.02,-0.0,0.0,1.0,0.0
87440e08790d85796f5b8bc9f5ed2707,[1],362.36,362.38,0.02,0.0,1.0,0.0,0.0
314313f56bd89ca04231bb9378291806,[1],445.66,445.65,-0.01,-0.0,1.0,0.0,0.0
09ec142bfa34576d3914bdf8c19927c2,[1],70.75,70.76,0.01,0.0,0.0,1.0,0.0
8f72f1ad07895bd823ba96b580936a1f,[5],211.05,211.04,-0.01,-0.0,0.0,1.0,0.0
98573bb494103800f6790b57c1357ba7,[4],265.65,265.64,-0.01,-0.0,0.0,1.0,0.0
745e2506fb647deca4669e1c88ce9783,[8],491.53,491.52,-0.01,-0.0,0.0,1.0,0.0
fd571ab12e8d263eaf309774eedfcfeb,[1],948.7,948.69,-0.01,-0.0,1.0,0.0,0.0
cd503c4ebaea202ada676515dad4d180,[6],264.08,264.09,0.01,0.0,0.0,1.0,0.0
98ffd20f7510aafde026fc41c46876b1,[10],542.96,542.98,0.02,0.0,0.0,1.0,0.0
6cd3f2ca1a0a50c0500752842d4dd018,[1],138.3,138.29,-0.01,-0.0,0.0,1.0,0.0
83eee67c21d596a653687afe2c8ebad8,[4],160.59,160.58,-0.01,-0.0,0.0,1.0,0.0
6bf83087dc6176ce753398bf1a976f0b,[6],986.7,986.69,-0.01,-0.0,0.0,1.0,0.0
76e1398ff6f5ed6b681d270df349e3f8,[1],337.48,337.5,0.02,0.0,0.0,1.0,0.0
f04bfdbef5359607d39e66fccc9cc0de,[1],998.5,998.49,-0.01,-0.0,0.0,1.0,0.0
f2afcdfbf3e9be7b7561ccd2a7e4a9cc,[8],267.5,267.51,0.01,0.0,0.0,1.0,0.0
2fdb4ded4a31592814f6865adcaf9ea7,[8],206.89,228.78,21.89,11.0,0.0,1.0,0.0
2fadef94d26b8d88791d48a31129380d,[4],57.69,61.04,3.35,6.0,0.0,1.0,0.0
2f9d4ee8ca77fe0951ebfe9064cad953,[10],91.07,105.19,14.12,16.0,0.0,1.0,0.0
c9c703564ad4d6fb43a1cff5524574ac,[11],154.49,170.58,16.09,10.0,0.0,1.0,0.0
32720c0c8b42f4c2cdb07cee5ec2444b,[12],224.75,259.59,34.84,16.0,0.0,1.0,0.0
e3e9a2046c37eea9713341a3994bcf52,[10],828.75,828.74,-0.01,-0.0,0.0,1.0,0.0
9e98692197ace8ec15c6db45b5bfd9bf,[2],27.77,28.73,0.96,3.0,0.0,1.0,0.0
2b302d95360eac2ba6fcfc99c8d247a9,[10],302.91,302.9,-0.01,-0.0,0.0,1.0,0.0
bcb9cb204fb7137dcb5dc3fdb94f11e5,[2],29.28,30.29,1.01,3.0,0.0,1.0,0.0
a77a378498a60424c73641a2bce561f8,[7],62.01,70.09,8.08,13.0,0.0,1.0,0.0
a055f8239d18a2008883be78eb09cf41,[9],78.5,90.67,12.17,16.0,0.0,1.0,0.0
3ff25314bbe9dc1ec7c983499bdff8f2,"[1, 8]",110.38,110.97,0.59,1.0,0.0,2.0,0.0
3fa397654fcf223b8d6f73a428c75041,[3],86.09,90.05,3.96,5.0,0.0,1.0,0.0
ce6d150fb29ada17d2082f4847107665,[10],1403.66,1586.47,182.81,13.0,0.0,1.0,0.0
3f319eb09e31aa1ea2a4079bdd655c62,[3],43.69,45.71,2.02,5.0,0.0,1.0,0.0
4154bf1348caac78152fe76e3e9c4af8,[3],165.26,150.27,-14.99,-9.0,0.0,1.0,0.0
43d0adacfa785ccb9e7544f2c82c5566,[3],362.01,362.0,-0.01,-0.0,0.0,1.0,0.0
e2cba9bee26acacfd8100088c465cce4,[4],51.75,54.74,2.99,6.0,0.0,1.0,0.0
aa962f90c14940f2df3c6184f35a2184,[2],35.59,36.82,1.23,3.0,0.0,1.0,0.0
c924e1b4e4e8406a086385b5136d25a3,[3],156.02,156.03,0.01,0.0,0.0,1.0,0.0
6b0ac1bdea322c7060eea92feb9e9a6f,[8],327.87,362.56,34.69,11.0,0.0,1.0,0.0
3e24e141d5703b84337db96998991424,[10],236.19,266.94,30.75,13.0,0.0,1.0,0.0
44be450f0262cf8f77ea4fcab05dafa3,[10],169.28,191.32,22.04,13.0,0.0,1.0,0.0
82a914d5f7af95901a18ef83b388bd4f,[4],39.46,43.63,4.17,11.0,0.0,1.0,0.0
4387477eec4b3c89b39f3f454940d059,[1],231.92,222.02,-9.9,-4.0,0.0,0.0,1.0
43b2cd469a6cee268b9be121cbaf17ba,[1],140.8,140.79,-0.01,-0.0,0.0,1.0,0.0
6f6141eab1bb4e6c11c31e631b60443a,[1],272.98,272.97,-0.01,-0.0,0.0,0.0,1.0
4324f32177ce15c52c8e1c570c259dc0,[12],119.76,138.31,18.55,15.0,0.0,1.0,0.0
8d282c2ddced263b2c6ddf398e3fb6dc,[5],298.18,318.96,20.78,7.0,0.0,1.0,0.0
e42760f40f2fba3ba7529b6157adf501,[11],147.0,167.94,20.94,14.0,0.0,1.0,0.0
37af0498017bcfbffca8855bdc9ecc6b,[10],171.32,193.63,22.31,13.0,0.0,1.0,0.0
8d2a68ca0ac61329c56e0b74695b04b4,[7],66.01,72.9,6.89,10.0,0.0,1.0,0.0
34ae480fe2cec3fa921d33b72b32572a,[1],622.98,622.99,0.01,0.0,1.0,0.0,0.0
33ec97b423d769023dbd71f138aca94a,[10],1381.88,1381.87,-0.01,-0.0,0.0,1.0,0.0
33a7b8ae888999afb219263e9a36fb77,[10],175.34,198.19,22.85,13.0,0.0,1.0,0.0
34e6b9f685df8e8b6465a715689c749f,[11],122.57,135.34,12.77,10.0,0.0,1.0,0.0
3b773756d8fc59a7cd1a0c4ac584e397,[10],167.17,188.96,21.79,13.0,0.0,1.0,0.0
38246d20fb91403c9ed13e1aa3c665ad,[4],69.56,73.59,4.03,6.0,0.0,1.0,0.0
3837859eff41b5dbbd1dfad5a066d0ae,[4],38.22,44.15,5.93,16.0,0.0,1.0,0.0
3993ec583d077dd338c870d8b1f8d213,[4],45.82,48.46,2.64,6.0,0.0,1.0,0.0
7955ebc3660bd2a004a4eaa016b3a190,[5],77.57,82.98,5.41,7.0,0.0,1.0,0.0
badf900cebb1447c807cd761411ca369,[2],289.2,289.21,0.01,0.0,0.0,1.0,0.0
501f63846d45f483acca1c6e89398610,[7],66.78,75.49,8.71,13.0,0.0,1.0,0.0
3675bad64212bdf96c5062ea051384e1,[4],541.96,541.97,0.01,0.0,0.0,1.0,0.0
1ab8b3bd6a4d22497ce5164c01bc0e2c,[1],63.96,63.95,-0.01,-0.0,1.0,0.0,0.0
78d7cdfcab0a42ea5428365d6ad0ff34,[12],155.46,179.55,24.09,15.0,0.0,1.0,0.0
e576bdc500f0c1c9a1b2a3ccce7000fb,[6],53.38,60.35,6.97,13.0,0.0,1.0,0.0
d9647302d75348f06e63f8444ef95544,[5],52.59,59.44,6.85,13.0,0.0,1.0,0.0
1cc0e6e0f0b84a446c91dbc76f67f59c,[3],244.8,244.79,-0.01,-0.0,0.0,1.0,0.0
a7db257661f3cc8b9b661474199da586,[3],33.38,38.55,5.17,15.0,0.0,1.0,0.0
1cd147d1c0fe18f3b742a353396c44a7,[6],104.0,103.99,-0.01,-0.0,0.0,1.0,0.0
d5575392b459cfde23795e925c6ce5d4,[5],78.6,84.08,5.48,7.0,0.0,1.0,0.0
82b5afc1133f4b14abbcb31fd3a3fa5d,[6],61.01,67.46,6.45,11.0,0.0,1.0,0.0
164a6c920f4a6f51223792333af13e24,[2],61.01,63.12,2.11,3.0,0.0,1.0,0.0
8fc4cc76b7842723f0f25209b4420b85,[7],62.82,72.55,9.73,15.0,0.0,1.0,0.0
57a82955454fb2a9a18633d841ac480d,[2],22.33,23.62,1.29,6.0,0.0,1.0,0.0
3f0f2949423ea4caec394b9d09f075dd,[6],217.64,235.42,17.78,8.0,0.0,1.0,0.0
154b66f3b29e92e4c9fc7f1ad60cb668,[7],63.09,71.31,8.22,13.0,0.0,1.0,0.0
153b80864a22f0638fef4339488a2cf3,[10],421.36,421.35,-0.01,-0.0,0.0,1.0,0.0
c915c070ee2f91af30208cd30cd0dee0,[5],152.27,162.88,10.61,7.0,0.0,1.0,0.0
156ba06ab4556cd19613dca1cefa9f7a,[10],87.64,101.22,13.58,15.0,0.0,1.0,0.0
b34eea540a919377d376dccd30ce2ac8,[2],181.14,181.15,0.01,0.0,0.0,1.0,0.0
1811959f3ced8abc0645c21285a5a4d5,[5],74.57,79.78,5.21,7.0,0.0,1.0,0.0
bdd163683d4bc75b0b2b7a8d9e1ccd26,[4],69.05,73.05,4.0,6.0,0.0,1.0,0.0
5f9e345bd69028860ff1b6a72c26dc45,[5],44.78,50.61,5.83,13.0,0.0,1.0,0.0
2398303669883856391bb4ecd9a5db0a,[1],77.98,77.97,-0.01,-0.0,1.0,0.0,0.0
580f3268bc2075c5961b2d2929c7a35b,[12],105.71,122.1,16.39,16.0,0.0,1.0,0.0
7d57370d053b938c6dda99e5b72ad270,[3],67.6,70.72,3.12,5.0,0.0,1.0,0.0
262118ce178bb3e4590a3adcf6d62e6b,[5],177.74,126.12,-51.62,-29.0,0.0,1.0,0.0
fd1272ba40a94a5fbc6e9548a8486867,[1],74.6,74.59,-0.01,-0.0,1.0,0.0,0.0
36d2de07c140425e7bd617c3665b5f80,[6],72.08,77.97,5.89,8.0,0.0,1.0,0.0
1f4e46205be9ddf4f9b0e98b11a1a570,[10],99.43,112.36,12.93,13.0,0.0,1.0,0.0
af9f47d85cb6d0717a873ddb331a1b6b,"[1, 3]",47.03,47.4,0.37,1.0,0.0,2.0,0.0
c235e3fbe42d171c9177e6664107170d,[2],20.28,21.94,1.66,8.0,0.0,1.0,0.0
7e00454e2e8b8b2e12e9a580ec77f00c,[6],58.38,65.27,6.89,12.0,0.0,1.0,0.0
91fe2d042bdf1fb8d6f2fc33f209ec04,[6],54.14,61.19,7.05,13.0,0.0,1.0,0.0
515ff4f26a0c57c5011d891e45f3ed2f,[4],75.95,79.18,3.23,4.0,0.0,1.0,0.0
2dbe4c889950d30ef0988bbcac7ca86b,[8],77.07,89.01,11.94,15.0,0.0,1.0,0.0
ccd9c560145e965fc5c037e0cc1160b8,[4],38.09,43.05,4.96,13.0,0.0,1.0,0.0
63897b6705887543f6b7e7a468ff337f,[1],93.16,93.17,0.01,0.0,1.0,0.0,0.0
4f7e7db8a14c1448fb17c00bcf1b8564,[4],58.22,61.59,3.37,6.0,0.0,1.0,0.0
fc0f2134e9a7cffb77d02c4754c264e8,[3],193.68,193.67,-0.01,-0.0,0.0,1.0,0.0
a60e074eb5678582482c8bc0612e591c,[8],74.66,85.65,10.99,15.0,0.0,1.0,0.0
94d1193f2a0ae739f23399b913bd577c,[3],33.27,35.59,2.32,7.0,0.0,1.0,0.0
a52e6fa2d7c6ecaf73ff5f7f10438339,[10],207.0,233.97,26.97,13.0,0.0,1.0,0.0
a69aaa894f707814637e9794aa556f0f,[15],179.35,211.87,32.52,18.0,0.0,1.0,0.0
9ea6d21c1c1b510f96f7917419175197,[10],114.94,129.89,14.95,13.0,0.0,1.0,0.0
9f47e04f95b2bba1442d5bbf0611733e,[6],61.75,66.79,5.04,8.0,0.0,1.0,0.0
aad7d7dacb681055d348e02842f0590b,[3],32.6,34.82,2.22,7.0,0.0,1.0,0.0
b2eda1812564491a3461f7e08104ed8f,[3],158.48,158.47,-0.01,-0.0,0.0,1.0,0.0
b3f7e36f7ae979c02959004e9d800387,[5],65.46,70.04,4.58,7.0,0.0,1.0,0.0
b69bd58058e7fc58b745d22ad1c62eb6,[1],127.8,127.79,-0.01,-0.0,1.0,0.0,0.0
b6713a6dc00fb0473d12bd8b08a88cd0,[10],155.44,155.45,0.01,0.0,0.0,1.0,0.0
b495ec18170fb28a3610c8d3ab464442,[4],39.31,45.4,6.09,15.0,0.0,1.0,0.0
ac75a9ba33bcc9cefc7e36b0f4cc044a,[7],65.78,75.98,10.2,16.0,0.0,1.0,0.0
aa6bd33ba1853d846d3085a88ae37083,[1],35.14,25.14,-10.0,-28.0,0.0,1.0,0.0
c9078b2ce6167917416ddd9b7c40b5f5,[1],60.48,60.47,-0.01,-0.0,1.0,0.0,0.0
c9e21564afa689e7e67a79fdebfcd286,[1],388.0,387.99,-0.01,-0.0,0.0,1.0,0.0
8b7fd198ad184563c231653673e75a7f,[5],49.33,56.97,7.64,15.0,0.0,1.0,0.0
8ccbe46ffeae4720eba99d2d2de07542,"[1, 1]",28.75,30.3,1.55,5.0,0.0,2.0,0.0
c253cb678b5c3b8e8c9a13fc97d8e7f5,[2],35.7,36.94,1.24,3.0,0.0,1.0,0.0
8c82eab3813ca92415655a5e4b1a8b7a,[8],67.73,87.32,19.59,29.0,0.0,1.0,0.0
8b5058499c412c6cf8d013de40e4f9d2,[3],48.77,51.02,2.25,5.0,0.0,1.0,0.0
84d6d9710c8af32b5e88f2d1c14ab871,[5],57.68,61.7,4.02,7.0,0.0,1.0,0.0
e0f7f2941ad3a817c0cdb8f90b13f0f3,[3],256.38,256.4,0.02,0.0,0.0,1.0,0.0
882634702ad671a4a28319adef8f058b,[1],17.38,16.38,-1.0,-6.0,0.0,1.0,0.0
996c7e73600ad3723e8627ab7bef81e4,[10],587.9,664.43,76.53,13.0,0.0,1.0,0.0
971d58b94f7bda9a79f4847e1509a433,[8],67.67,83.89,16.22,24.0,0.0,1.0,0.0
9a85e7c1fbe3b6519b2f943527d21426,[3],63.6,66.53,2.93,5.0,0.0,1.0,0.0
99e5f0c685ca94e5a1c7134b1898bb1a,[3],36.46,38.94,2.48,7.0,0.0,1.0,0.0
911e92767c07ba9926268bae6b4362b3,[4],46.09,49.73,3.64,8.0,0.0,1.0,0.0
958e0d4145c40f4951c1bf4d2cf1166a,[12],123.01,142.07,19.06,15.0,0.0,1.0,0.0
e3d86ff081e92dedbd7b2a87838f0159,[5],100.14,107.12,6.98,7.0,0.0,1.0,0.0
e4e9fa1ceb459e9dfebba5e0b09849f3,[3],78.76,82.39,3.63,5.0,0.0,1.0,0.0
e2384e27d52c798743c71c9f2c57763a,[3],109.68,109.69,0.01,0.0,0.0,1.0,0.0
e99bb46d32c47a666290f7c5928f7236,[10],136.59,154.38,17.79,13.0,0.0,1.0,0.0
e73fe43cdcd166f7f0c6e3c2bf11a917,[1],59.0,56.5,-2.5,-4.0,0.0,0.0,1.0
d9257c8e34393415a403600f6289fbc4,[3],37.78,39.52,1.74,5.0,0.0,1.0,0.0
dd7a24d1088cf9ed90329fb0dee088f4,[10],259.31,293.07,33.76,13.0,0.0,1.0,0.0
fe35e99a6a5d4d036bf8167d364e0792,[1],262.6,262.59,-0.01,-0.0,0.0,1.0,0.0
fd33085945f15975375cd8ec85440511,[6],234.62,212.82,-21.8,-9.0,0.0,1.0,0.0
ee38b45af2d4e705a88a37af7f0cda97,[5],52.84,59.73,6.89,13.0,0.0,1.0,0.0
ee9dfabed586581a184f72e03544b4a2,[9],307.5,342.12,34.62,11.0,0.0,1.0,0.0
eff853aac91ab73f53304207c4571d1f,[4],36.09,40.78,4.69,13.0,0.0,1.0,0.0
f44845a8eeec9bf829093ad92c846c09,[6],61.66,69.69,8.03,13.0,0.0,1.0,0.0
c14323552816050d396da49c9f23ae1e,[3],31.9,33.75,1.85,6.0,0.0,1.0,0.0
c5a2f330a53172144cc43fba697c2e8f,[9],490.0,489.99,-0.01,-0.0,0.0,1.0,0.0
b8b3f1a93f6899699c4cfab3f0cb85e0,[12],108.86,125.74,16.88,16.0,0.0,1.0,0.0
bd198b62b5d99af74a4c0dbf717fd5f0,[4],610.0,609.99,-0.01,-0.0,0.0,1.0,0.0
d2e9aead95751dd6bd0ce80e7d506c53,[3],29.49,33.33,3.84,13.0,0.0,1.0,0.0
d530e9ca74c227659f36ed6a61fa9e07,[3],66.78,66.77,-0.01,-0.0,0.0,1.0,0.0
ce9fc4b5d521bad32b0c3893b9b3788f,[1],239.04,239.05,0.01,0.0,1.0,0.0,0.0
cdcbc6b851b5053b23ca73bc17d2ba50,[5],47.59,53.21,5.62,12.0,0.0,1.0,0.0
6fa0c125ee7d870f6602c97e33d87bc5,[1],47.31,45.71,-1.6,-3.0,0.0,0.0,1.0
b887a2e34410f9ca015c231938fc3842,[5],46.22,53.38,7.16,15.0,0.0,1.0,0.0
b7579d24f5b2dd3e20f2e57d0e07d170,[6],466.28,504.37,38.09,8.0,0.0,1.0,0.0
8e1b263d5e8ddea4e42b96cc5fb0edc2,[1],164.0,163.99,-0.01,-0.0,0.0,1.0,0.0
96c0cb58d9c14384c9441f49917a911f,[4],43.01,47.04,4.03,9.0,0.0,1.0,0.0
5f20455f0e74de9eae30de410c811013,[9],83.07,92.87,9.8,12.0,0.0,1.0,0.0
5ddee063fdf0f2a5c828b499fb857e85,[6],57.61,65.1,7.49,13.0,0.0,1.0,0.0
5ac0d2c1229ba07ea5cd990360b21e34,[3],48.62,50.86,2.24,5.0,0.0,1.0,0.0
5b4e981913377d776f83cb4ffd82ad31,[4],41.75,44.67,2.92,7.0,0.0,1.0,0.0
cc8068a058758e65bf66266523272c96,[1],133.98,133.99,0.01,0.0,0.0,1.0,0.0
fa0d5b3cb1f2221766145a60ba18ac64,[7],129.21,141.32,12.11,9.0,0.0,1.0,0.0
c5e3762173a6276b31e43d49c34aaca5,[2],163.56,163.57,0.01,0.0,0.0,1.0,0.0
6b956d19010e956e03b175e66b2b7142,[9],75.48,93.58,18.1,24.0,0.0,1.0,0.0
49123f75e5d9507cec9455b2ed989913,[6],59.42,67.16,7.74,13.0,0.0,1.0,0.0
a800ac0385a83264291f978ab075dd68,[8],70.38,81.29,10.91,16.0,0.0,1.0,0.0
90f4238d4a0d8f6371e4fbb18af5df64,[4],40.86,47.19,6.33,15.0,0.0,1.0,0.0
53e57107ef6a155ab06400be24aa7922,[12],112.27,129.68,17.41,16.0,0.0,1.0,0.0
5f0204c837c9b96a76c8da513f40ab17,[1],210.0,209.99,-0.01,-0.0,1.0,0.0,0.0
513a94a0164453b4777d125b836f7ca1,[12],208.19,240.47,32.28,16.0,0.0,1.0,0.0
4d4aac37e91472a2cbb36ee91d35866f,[6],69.75,75.44,5.69,8.0,0.0,1.0,0.0
c6f6cbb3c845593222d5c594bb69c5fd,[4],113.33,104.34,-8.99,-8.0,0.0,1.0,0.0
895dce73de79888b14581541cf3a811b,[10],435.47,435.48,0.01,0.0,0.0,1.0,0.0
4cd88e929bc2c3be1b5e48b3a4c1e287,[4],133.96,133.97,0.01,0.0,0.0,1.0,0.0
99d4dd36318ceb97e9feda8baade3ce2,[3],76.77,80.31,3.54,5.0,0.0,1.0,0.0
79d316a7d0d628895124bcefd1040ed7,[1],498.8,498.79,-0.01,-0.0,0.0,1.0,0.0
e2fbe37c6717808ef07b8f2b1cc63c40,[2],210.9,210.91,0.01,0.0,0.0,1.0,0.0
73a15e8fc5de8485d1f16639bc66a273,[2],221.7,221.69,-0.01,-0.0,0.0,1.0,0.0
74016effecaa79d592487f6a4ee47d4b,[5],51.51,56.96,5.45,11.0,0.0,1.0,0.0
d8523695fd09e96dd93c94cde119c037,[4],89.39,94.56,5.17,6.0,0.0,1.0,0.0
b05922c45fc699ae9049a2c5add3e02a,[7],65.01,73.48,8.47,13.0,0.0,1.0,0.0
d573cf2d2bd145e4bc855132a6c815af,[4],962.34,962.31,-0.03,-0.0,0.0,1.0,0.0
7e4ac7e51f277ac8bd918f82063b20d8,[3],62.01,64.89,2.88,5.0,0.0,1.0,0.0
af37018fa60dd6b208ca5c88052cffee,[10],239.18,270.34,31.16,13.0,0.0,1.0,0.0
6dcf0aeb8b1eb4021c26e1d0e9394979,[1],333.92,318.97,-14.95,-4.0,0.0,0.0,1.0
705eccb4d371ea1443a991787d36b59c,[6],56.69,65.47,8.78,15.0,0.0,1.0,0.0
70cd45f4715c8840b197efee2b9d533c,[8],169.34,169.35,0.01,0.0,0.0,1.0,0.0
70b742795bc441e94a44a084b6d9ce7a,[20],466.93,578.82,111.89,24.0,0.0,1.0,0.0
9e96be941daa62b6b3eb0b074ba23a9e,[10],530.46,530.47,0.01,0.0,0.0,1.0,0.0
995ecfdb2406d9b579cf84368f42e7a0,[4],106.87,113.05,6.18,6.0,0.0,1.0,0.0
675dac8b73cb0d20fa633e864deb7e1e,[1],323.8,323.79,-0.01,-0.0,1.0,0.0,0.0
5bc4d0aa53124192dd06058bdf74a6a7,[4],323.8,323.79,-0.01,-0.0,0.0,1.0,0.0
03b218d39c422c250f389120c531b61f,[5],50.24,58.03,7.79,16.0,0.0,1.0,0.0
30a022caf1ba5b86f28124ed216c859f,[1],261.0,260.99,-0.01,-0.0,0.0,1.0,0.0
028aa7c930356788f861ed1b7f984819,[6],57.53,62.94,5.41,9.0,0.0,1.0,0.0
c8bedae351d76a3163c9840172c1285f,[1],37.37,34.38,-2.99,-8.0,0.0,1.0,0.0
5570ac493a57e5dc00296c8de3813672,[4],60.72,64.24,3.52,6.0,0.0,1.0,0.0
ab39f24d0e515ab82f849a72b61597d3,[3],65.71,68.74,3.03,5.0,0.0,1.0,0.0
38e47cf95d95719dfbececfd1cfde0cc,[3],324.56,324.55,-0.01,-0.0,0.0,1.0,0.0
a4f6c6ff0270709873e39b3fc5c2f256,[8],197.94,197.95,0.01,0.0,0.0,1.0,0.0
5bf0c7788e61420541921eb52120d901,[4],139.04,139.05,0.01,0.0,0.0,1.0,0.0
dc6b76e937308e88a3464d0f4352b959,[5],46.0,51.99,5.99,13.0,0.0,1.0,0.0
bd1a75149b4f3c4c2810386211835917,[4],44.38,46.95,2.57,6.0,0.0,1.0,0.0
719cb31645fb8251f1eeecfe977c16c5,[1],301.8,301.81,0.01,0.0,0.0,1.0,0.0
4b3176150cda3ef1348ba91dfb6c7b32,[4],46.0,48.67,2.67,6.0,0.0,1.0,0.0
01e51b7c3025655646143d09b911e1d7,[3],33.1,35.02,1.92,6.0,0.0,1.0,0.0
6e57e23ecac1ae881286657694444267,[1],350.41,333.91,-16.5,-5.0,0.0,0.0,1.0
3c845174981c9b87340aa1ce5ef7fc9e,[8],253.95,280.8,26.85,11.0,0.0,1.0,0.0
6cb2e47e3a5794ff1a6157838c9e32e5,[10],172.32,172.31,-0.01,-0.0,0.0,1.0,0.0
c51ac157d012284a7dae95487ebcc6ad,[3],191.92,191.93,0.01,0.0,0.0,1.0,0.0
fdb034f444a32838124d8907e443d249,[3],31.38,33.56,2.18,7.0,0.0,1.0,0.0
bfdb5bbb06458d600a33d61f5f287472,[10],348.93,394.36,45.43,13.0,0.0,1.0,0.0
294b7da16c27e408f2137e10de0d9495,[10],200.08,226.14,26.06,13.0,0.0,1.0,0.0
65320cb291f4cacd8b0114a29eafa4c7,[3],32.62,34.89,2.27,7.0,0.0,1.0,0.0
445736171736c70c6187ee83c34165fe,[4],69.06,69.05,-0.01,-0.0,0.0,1.0,0.0
8a4f504a9826004fb1b0957a12aad33a,[8],1378.0,1377.99,-0.01,-0.0,0.0,1.0,0.0
602fd0f12980f5a92b67acc19187fb87,[15],152.82,152.81,-0.01,-0.0,0.0,1.0,0.0
e393acae9e64be5b2a7d48ef2ae87710,"[1, 4]",47.38,47.73,0.35,1.0,0.0,2.0,0.0
2fbff46c3474e8a16920d32aa242865b,[1],273.04,273.05,0.01,0.0,1.0,0.0,0.0
91fbb4bf79cbb5c19eb018248c0fe683,"[6, 2]",109.29,111.19,1.9,2.0,0.0,2.0,0.0
ec3921c711c656d036c7316503867f69,[3],34.51,36.1,1.59,5.0,0.0,1.0,0.0
02f4dd90ba0feb8ec394cac05862d2b5,[6],130.96,141.65,10.69,8.0,0.0,1.0,0.0
139be8870b91e71fd70bb366305c8cde,[5],133.18,142.46,9.28,7.0,0.0,1.0,0.0
ddcf6c758c04fe3f2e0d1ae301ec5f40,[6],57.68,66.62,8.94,15.0,0.0,1.0,0.0
220e9a646a779158c953b9bf145606ab,[4],225.06,225.07,0.01,0.0,0.0,1.0,0.0
bc2c82b0ef78d2252b6176d1972db7c9,[21],242.01,303.02,61.01,25.0,0.0,1.0,0.0
f49de64f8655abdc94a86603570e10ec,[6],72.85,77.23,4.38,6.0,0.0,1.0,0.0
51d435906a0487f17df29d38429e931b,[5],125.29,134.03,8.74,7.0,0.0,1.0,0.0
0345ba423eed2b009e0e407b19c422e4,[5],77.75,83.17,5.42,7.0,0.0,1.0,0.0
9686875d0d9dcbe392244b6773605882,[5],78.4,83.87,5.47,7.0,0.0,1.0,0.0
00789ce015e7e5791c7914f32bb4fad4,[10],168.83,190.81,21.98,13.0,0.0,1.0,0.0
786a54ce0cf9dab273f41727d56f96ec,[1],244.0,243.99,-0.01,-0.0,0.0,1.0,0.0
033ccfbdfc4d29677b7e1e6df3a82820,"[3, 3]",59.96,69.26,9.3,16.0,0.0,2.0,0.0
4ce5781581782e1783fb9ed718ab6053,[1],48.78,48.77,-0.01,-0.0,1.0,0.0,0.0
5e605c248def72c23690c44126f8ecb6,[4],55.09,58.28,3.19,6.0,0.0,1.0,0.0
b153668d9576aeae5c424bf7b125eea2,[3],46.26,48.4,2.14,5.0,0.0,1.0,0.0
3a46c264be2fad6d10c5a7362d8cc2ff,[3],188.7,188.69,-0.01,-0.0,0.0,1.0,0.0
539d0e8a233d633cce2f53dc4280c55e,[5],188.7,188.69,-0.01,-0.0,0.0,1.0,0.0
e0578c04575c73456bf9891ae5db8c5a,[8],78.65,88.9,10.25,13.0,0.0,1.0,0.0
e4406088398131aed8c21c5a4ec3442b,[4],103.55,109.55,6.0,6.0,0.0,1.0,0.0
c5bb8cf75ccd20ee373200ab31628770,[10],107.78,121.8,14.02,13.0,0.0,1.0,0.0
faf132fb35b3b3b533a67efbd6e7c02d,[10],115.02,130.01,14.99,13.0,0.0,1.0,0.0
ddad987b1ab585281640b4b7e7261ede,[6],105.18,113.77,8.59,8.0,0.0,1.0,0.0
9f98fbb9d688c4f3356987801b19286d,[9],80.74,91.26,10.52,13.0,0.0,1.0,0.0
da335e512c5172e253ee80cb42acf8aa,"[8, 3]",114.15,117.12,2.97,3.0,0.0,2.0,0.0
ad20d0dfe5b91c07df72dff0206aacd9,[1],104.48,104.49,0.01,0.0,1.0,0.0,0.0
10a6730b0b333e2b017dd139a0530f19,[10],126.99,143.53,16.54,13.0,0.0,1.0,0.0
abf1130bc676c9dcadf91e24f5e30a30,[6],459.36,496.89,37.53,8.0,0.0,1.0,0.0
8092da256aefda13b330290d2ca86521,[1],115.65,105.26,-10.39,-9.0,0.0,1.0,0.0
fa87437f971fce498b2184cd2401e23e,[4],63.27,66.93,3.66,6.0,0.0,1.0,0.0
648a268c494bbf8c97c03ec64c2ff4d3,[1],137.48,137.47,-0.01,-0.0,1.0,0.0,0.0
c1dcb1e220fb7a81105d999aac3e0b2f,[1],123.82,123.81,-0.01,-0.0,1.0,0.0,0.0
6cff0c3dacf64bb7cb2ad584b81b7d0d,[1],33.43,30.83,-2.6,-8.0,0.0,0.0,1.0
77411858d5ea9f0dec6b071cec64349f,[3],28.22,31.89,3.67,13.0,0.0,1.0,0.0
debc12ca3f03ddd2137fa497916c4590,[5],76.65,82.0,5.35,7.0,0.0,1.0,0.0
487ebdc91b499c9442c96f81d71dcf7d,[10],141.64,155.14,13.5,10.0,0.0,1.0,0.0
016726239765c18f66826453f39c64e3,[10],235.13,265.77,30.64,13.0,0.0,1.0,0.0
c69be353fa727fbeba5c4b39dfb9dbc8,[10],87.76,101.39,13.63,16.0,0.0,1.0,0.0
ac68b19902b80f75c025b4646f1d9e7c,[11],180.07,198.83,18.76,10.0,0.0,1.0,0.0
e57d9d7eca079892fe0aee2b0cf96311,[10],105.38,115.42,10.04,10.0,0.0,1.0,0.0
676d6ec8daa75f6ab88d0b539523aa0c,[10],622.5,622.51,0.01,0.0,0.0,1.0,0.0
aeffea2c78ec9b15d6cd7478c9072c07,[12],117.08,135.22,18.14,15.0,0.0,1.0,0.0
a196d7c6ecd939360a6dfbee0ebacadb,[10],123.47,139.55,16.08,13.0,0.0,1.0,0.0
3e073b27114fe955e184db124d34a566,[6],1047.96,1047.99,0.03,0.0,0.0,1.0,0.0
90d589e42b7249c447d31594bd992684,[3],54.08,56.57,2.49,5.0,0.0,1.0,0.0
c391989528d1e7049decd5a0e37bdd19,[1],199.68,199.67,-0.01,-0.0,1.0,0.0,0.0
ed4116f3f55e67e9a26b9f1891ba2497,[1],161.47,157.57,-3.9,-2.0,0.0,0.0,1.0
cc2e56876c1e46ae38eb40eb187b23a9,[4],42.58,48.13,5.55,13.0,0.0,1.0,0.0
58ad8c9795c17d85d9005b42f7c3d14f,[1],124.53,124.54,0.01,0.0,1.0,0.0,0.0
9d6b1d10fd62d8f52d1ee875b4842c2e,[1],137.48,137.47,-0.01,-0.0,1.0,0.0,0.0
c1d2b34febe9cd269e378117d6681172,[1],275.78,275.79,0.01,0.0,0.0,1.0,0.0
9d4f40b767fac576ddb5e71af7db166c,[10],170.0,169.99,-0.01,-0.0,0.0,1.0,0.0
bcc3b9b2b1b0f27be6e2816968b08fc6,[6],109.02,117.93,8.91,8.0,0.0,1.0,0.0
3adc794e637a2ef67f006b35b36904a4,[4],46.14,49.91,3.77,8.0,0.0,1.0,0.0
40c3b608098b72f21af4a0a9006af9d2,[6],58.33,63.1,4.77,8.0,0.0,1.0,0.0
7c9669c84a4eea3a3ab4f052945346b0,[4],44.34,47.43,3.09,7.0,0.0,1.0,0.0
66b04218fe3a0af6ca54d243ecfb3737,[2],44.69,46.24,1.55,3.0,0.0,1.0,0.0
29baa2288a6c833c165b32b46e4ffcce,[6],245.9,245.89,-0.01,-0.0,0.0,1.0,0.0
e2df710c10b3d255c51ae1fb11bfcd11,[1],71.79,71.8,0.01,0.0,1.0,0.0,0.0
596b168ac4fd56e69b35087afaa8ae59,[3],29.83,31.21,1.38,5.0,0.0,1.0,0.0
f7d17bafe7c67afef77b8a96ad5abfd3,[5],108.1,115.64,7.54,7.0,0.0,1.0,0.0
eaf0add60b176b64a692a1e382addea8,[4],56.69,59.98,3.29,6.0,0.0,1.0,0.0
0e556f5eafbf3eb399290101b183b10e,[5],95.66,81.9,-13.76,-14.0,0.0,1.0,0.0
0b13a698a0b7a62e8ec891081558b7aa,[7],62.57,72.27,9.7,16.0,0.0,1.0,0.0
29692492693482bc3acf19d97fac69f8,[12],123.69,142.86,19.17,15.0,0.0,1.0,0.0
4c57f545143e8865ca2347d8cba154a7,[6],139.61,151.01,11.4,8.0,0.0,1.0,0.0
6f0c925fc5d548afcddeea046d4e30d1,[8],255.92,281.89,25.97,10.0,0.0,1.0,0.0
b8bf711248376c421faaea8f02d149f9,[9],78.84,91.06,12.22,15.0,0.0,1.0,0.0
c252ac96b969b3f1f2c4b266a7a98c28,[5],75.54,80.81,5.27,7.0,0.0,1.0,0.0
69219bd2a51085b84942501a7db3aecd,[1],80.8,80.79,-0.01,-0.0,1.0,0.0,0.0
6f393015477564624446a2b4c948c0f0,[4],35.0,40.43,5.43,16.0,0.0,1.0,0.0
33711ce52ccf7b8dcb0deaf37f573d32,[4],114.44,121.07,6.63,6.0,0.0,1.0,0.0
12619b9be5cc3665b3f36f1e4b4d0ffa,[3],37.77,39.95,2.18,6.0,0.0,1.0,0.0
14bceeaef362188c60dedfe65e428001,[3],34.51,37.33,2.82,8.0,0.0,1.0,0.0
47bc2fbe3e9b64a723dd530a4f1612b8,[7],65.78,74.35,8.57,13.0,0.0,1.0,0.0
8dff71d623cf6a422b03adc61a69368b,"[1, 1]",266.08,266.09,0.01,0.0,0.0,2.0,0.0
bf49f84a0580ef6751e13357776b7ed9,[6],54.1,61.14,7.04,13.0,0.0,1.0,0.0
4baffd900565a4d95fde9d2057b95813,[10],166.84,166.83,-0.01,-0.0,0.0,1.0,0.0
26967c9a40c842f7e0067b4ef5489082,[1],257.88,257.87,-0.01,-0.0,1.0,0.0,0.0
ee5dbc8989dbc768ce58b68213bfc285,[7],103.64,113.34,9.7,9.0,0.0,1.0,0.0
8fc11d5503f6e2b6e15242e0365633e4,[1],597.18,597.2,0.02,0.0,1.0,0.0,0.0
1f87ac3f856bae9e742538bc551bdf5b,[10],425.5,425.51,0.01,0.0,0.0,1.0,0.0
310665e6326967af1b7df9e9ce885ff6,[1],156.04,156.05,0.01,0.0,1.0,0.0,0.0
3f3d5f3033e9139ee7290ce6c74b6b79,[5],75.63,80.9,5.27,7.0,0.0,1.0,0.0
af9ffff2ce6b3defd34fd4c78857a379,[10],413.17,466.97,53.8,13.0,0.0,1.0,0.0
a2c173a8905b6e8f3c6ea83b7d9c6b91,[8],153.36,169.6,16.24,11.0,0.0,1.0,0.0
9aa70c8fac4649c143933fedf26730f3,[2],583.64,583.63,-0.01,-0.0,0.0,1.0,0.0
67e09c3ba79d3041e1653c7dbf03425f,[3],37.09,39.62,2.53,7.0,0.0,1.0,0.0
05d5a67b06f86425711075939a164657,[1],17.77,18.38,0.61,3.0,0.0,1.0,0.0
469f0b908881368c45917f1bed8240ce,[9],84.2,95.17,10.97,13.0,0.0,1.0,0.0
061c97a9bd7911f9d2031e1b820c344f,[3],315.26,329.8,14.54,5.0,0.0,1.0,0.0
5ec8127f0e7abadc5ee625f266ee0742,"[3, 1]",36.13,40.36,4.23,12.0,0.0,2.0,0.0
3263ce99ba29ddb2a3a4133210581dce,[10],103.48,116.95,13.47,13.0,0.0,1.0,0.0
06d7e8a85f5cfef576c5303ed7d7f2e5,[7],63.72,72.02,8.3,13.0,0.0,1.0,0.0
e840e5955073ba6b71936b76740014f4,[4],35.81,40.48,4.67,13.0,0.0,1.0,0.0
e8295bee3fcc58cbd94f165f36c11f4b,[15],117.85,151.93,34.08,29.0,0.0,1.0,0.0
c02d29676287677de34ae218da13f8d1,[7],92.57,101.24,8.67,9.0,0.0,1.0,0.0
6dbcce18ba1c717a5f29d192415872ea,[6],92.57,100.14,7.57,8.0,0.0,1.0,0.0
05252513392111e8721062d8ecd9edb1,[6],56.85,64.26,7.41,13.0,0.0,1.0,0.0
bb2e64c3040ceb9b7ca2bfc602adca08,[2],257.36,257.34,-0.02,-0.0,0.0,1.0,0.0
051fcda88d997d3ff86012da2a556342,[4],56.6,51.7,-4.9,-9.0,0.0,1.0,0.0
04e00ba23c33890eaee39b02e8185cc2,[5],48.3,53.41,5.11,11.0,0.0,1.0,0.0
f05e32e2cc67748c34a77da2ff68841c,[5],50.13,56.65,6.52,13.0,0.0,1.0,0.0
e74dce994d1d4b754ec4a4e709b8b65b,[5],46.09,52.09,6.0,13.0,0.0,1.0,0.0
f090de1b2ed9f4e251662cb31e3c7127,[2],26.71,27.63,0.92,3.0,0.0,1.0,0.0
c55c2cba4bd6069c80c2531fe9a9188a,[1],159.7,159.69,-0.01,-0.0,1.0,0.0,0.0
4a28fe31d1808616ef3925084765c8b3,[1],60.98,60.97,-0.01,-0.0,1.0,0.0,0.0
090ece27665c1cc89eda287f8e834e11,[5],81.72,81.69,-0.03,-0.0,0.0,1.0,0.0
2bdfeff498c8742708633364e3eeee08,[8],79.17,89.48,10.31,13.0,0.0,1.0,0.0
b38b3526b8b8fdc807e8a0a42ab78573,"[2, 1]",30.06,30.19,0.13,0.0,0.0,2.0,0.0
fecb65750b4fe05b8257f650b2e114a2,[1],216.76,216.75,-0.01,-0.0,0.0,1.0,0.0
96e60a8b7fe4d9cd4f5ef7f3399a502b,[2],317.01,317.0,-0.01,-0.0,0.0,1.0,0.0
6fd59e3ae7e24c50131f6bc97c4c7776,[10],2913.48,2913.47,-0.01,-0.0,0.0,1.0,0.0
911a1257a699f1b61ec55aa88eace3bd,[7],68.43,79.04,10.61,16.0,0.0,1.0,0.0
1cd8d1567debd198821fe9d46d99b5b1,[13],104.88,130.0,25.12,24.0,0.0,1.0,0.0
502668fa85b6cff5243cf74ce4100182,[3],29.08,33.59,4.51,16.0,0.0,1.0,0.0
87a71a39b50dac1a8ad74cddfaa82703,[8],73.43,83.0,9.57,13.0,0.0,1.0,0.0
08ed4f84b1a078202e8da80c8d96dc77,[3],72.81,72.8,-0.01,-0.0,0.0,1.0,0.0
3198796f14214053998f8f2eca1c9c59,[12],172.94,199.75,26.81,16.0,0.0,1.0,0.0
51a5a1d89c87180cafd033debbc60f31,[1],92.92,92.91,-0.01,-0.0,1.0,0.0,0.0
1896e8b8fd196151559b02e31e98ce89,[1],108.96,108.95,-0.01,-0.0,0.0,0.0,1.0
47e786d6d06274aaf984ca007751f3f0,[7],65.53,74.07,8.54,13.0,0.0,1.0,0.0
97b75ddaf041b0f141f0dc8617f58661,[4],260.14,260.13,-0.01,-0.0,0.0,1.0,0.0
3c052d74f852adbeb14c7e8da52b9e6e,[7],125.43,137.17,11.74,9.0,0.0,1.0,0.0
239f380355f65dcb68551f07d16fc4a8,[10],222.63,251.63,29.0,13.0,0.0,1.0,0.0
9eac94dce77597b831e8c0dfc584bc8b,[6],55.78,61.68,5.9,11.0,0.0,1.0,0.0
17d1c72c26f43dbcb91705626271e2f0,[2],202.4,202.39,-0.01,-0.0,0.0,1.0,0.0
ecc1f5f885620b17543f01bf228ccd0a,[5],47.13,50.99,3.86,8.0,0.0,1.0,0.0
585f3aa654c4d58eb968fc4fe6e3e92e,[10],89.63,101.31,11.68,13.0,0.0,1.0,0.0
63cb2376233663b05e9beb6bd9206c65,[8],72.94,84.25,11.31,16.0,0.0,1.0,0.0
e003d94282e5f1e45760dde794a8a173,"[7, 4]",116.32,125.06,8.74,8.0,0.0,2.0,0.0
2f722ee8f3d3db0d19cee8ebea6fa69e,[10],110.02,124.35,14.33,13.0,0.0,1.0,0.0
f51fb43d2d69e83cc9cca35f9706798b,[4],43.58,46.61,3.03,7.0,0.0,1.0,0.0
